0.0283061
0.0719671
0.134935
0.206799
0.292696
0.387558
0.447543
0.602412
0.717542
0.869513
1.03386
1.20915
1.38924
1.61066
1.7367
2.04384
2.22923
2.50785
2.75815
3.03692
3.32318
3.62939
3.88897
4.29711
4.50943
5.01534
5.3888
5.74194
6.18902
6.61352
7.00566
7.35185
7.84718
8.2991
8.77188
9.25228
9.83913
10.7016
11.274
11.8064
12.4179
13.034
13.4951
14.1313
14.6664
15.3883
15.9944
16.6016
17.2125
17.7775
18.2782
18.5348
19.5328
20.2335
20.8176
21.2715
22.4791
22.4791
22.4791
22.4791
0.0241641
0.0577261
0.0782181
0.136868
0.20318
0.28546
0.389293
0.502205
0.630193
0.714591
0.919862
1.05726
1.27236
1.4295
1.67767
1.80986
2.08163
2.29273
2.56031
2.87029
3.15184
3.43876
3.73275
4.05668
4.34945
4.71573
4.85009
5.4173
5.79129
6.16716
6.55593
6.9542
7.37109
7.78722
8.17867
8.48073
9.0665
9.53391
10.0148
10.5464
10.796
11.4578
12.0828
12.6479
13.2218
13.6468
14.024
14.8435
15.397
15.9723
16.2627
16.9689
17.7572
18.1755
18.9765
19.0386
20.0361
20.0361
20.0361
21.6498
22.6139
23.9682
23.9682
0.0256781
0.0576931
0.0776881
0.136219
0.20246
0.285124
0.390818
0.503449
0.631028
0.715081
0.919303
1.05528
1.26821
1.42651
1.67371
1.80513
2.07307
2.28044
2.54855
2.85607
3.13227
3.41848
3.70912
4.01465
4.30366
4.66385
4.79912
5.36389
5.74068
6.12611
6.52828
6.94973
7.37518
7.79948
8.1882
8.49069
9.06129
9.5146
9.98662
10.5133
10.7626
11.4101
12.0236
12.5525
13.0869
13.5131
13.8901
14.7209
15.2931
15.878
16.1674
16.8642
17.6354
18.0556
18.8575
18.9214
19.9301
19.9301
19.9301
21.5781
22.5552
23.9235
23.9235
