solved instances in standard strategy times
mintime:0.000100
<0.10 [0.10,0.20] [0.20,0.50] [0.50,0.67] [0.67,0.83] [0.83,1.00] [1.00,1.20] [1.20,1.50] [1.50,2.00] [2.00,5.00] [5.00,10.00] >10.00 
       bs0   0   0   0   1   1  17   2   0   0   0   0   0 
bs4_ERRORBS5   0   0   0   1   3  11   8   3   0   0   0   0 
bs4_ERRORBS10   0   0   0   1   2  13   6   2   1   0   0   0 
bs4_ERRORBS15   0   0   0   1   3  11   8   1   0   0   0   0 
bs8_ERRORBS5   0   0   0   2   4  14   5   2   0   0   0   0 
bs8_ERRORBS10   0   0   0   2   5  15   4   0   0   0   0   0 
bs8_ERRORBS15   0   0   0   2   4  14   5   1   0   0   0   0 
bs0 bs4_ERRORBS5 bs4_ERRORBS10 bs4_ERRORBS15 bs8_ERRORBS5 bs8_ERRORBS10 bs8_ERRORBS15 
1.000000 2/17 8/11 6/13 8/11 5/14 4/15 5/14 
1.200480 0/1 3/3 2/2 1/3 2/4 0/5 1/4 
1.503759 0/1 0/1 1/1 0/1 0/2 0/2 0/2 
2.000000 0/0 0/0 0/0 0/0 0/0 0/0 0/0 
5.000000 0/0 0/0 0/0 0/0 0/0 0/0 0/0 
10.000000 0/0 0/0 0/0 0/0 0/0 0/0 0/0 


instances with significative gains (1.2)
--eps=0.001 ../benchs/cf3-3.txt 47 47 49 49 53 53 48 48 44 44 60 60 55 55 57 57 
--eps=0.001 ../benchs/cf3-5.txt 432 432 763 763 818 818 418 418 348 348 790 790 810 810 426 426 
--eps=0.001 ../benchs/ctp7-4.txt 1 1 1 1 1 1 1 1 1 1 1 1 1 1 1 1 
--eps=0.001 ../benchs/ctp7-5.txt 2 2 2 2 1 1 1 1 2 2 2 2 2 2 2 2 
--eps=0.1 ../benchs/mop-7.txt 63 63 63 63 51 51 59 59 54 54 52 52 62 62 51 51 
--eps=0.001 ../benchs/nbi.txt 21 21 22 22 31 31 35 35 37 37 33 33 35 35 38 38 
--eps=0.001 ../benchs/sr.txt 137 137 141 141 156 156 164 164 170 170 161 161 197 197 199 199 
--eps=0.001 ../benchs/wb.txt 2 2 2 2 3 3 3 3 3 3 3 3 3 3 4 4 

gains
0.000100 1.000000 19 0.946359 19 0.952482 19 0.976231 19 0.945108 19 0.921918 19 0.869895 19 0.895832 19 
total time: 1.000000 0.901108 0.903078 0.957706 0.983368 0.894428 0.860134 0.949939 